version=mm_u_1.0

Step 0
0005,1
0005,1
0005,1
0005,1
0005,1
0005,1
0005,1
0202,1
01B0,1
0159,1
00A4,1
00A4,1
0244,1
0244,1
0244,1
0244,1
0183,1
0081,1
0081,1
01D5,1
014D,1
0261,1
0261,1
0261,1
0261,1
0261,1
0261,1
0261,1
0261,1
0261,1
0261,1
0261,1
0261,1
01C7,1
019C,1
019C,1
019C,1
01B8,1
0221,1
0221,1
0221,1
0221,1
0221,1
0221,1
0221,1
0004,1
0004,1
0004,1
0004,1
0265,1
0265,1
0265,1
014E,1
011C,1
0281,1
027F,1
027F,1
0280,1
0280,1
0280,1
0280,1
0280,1
0280,1
00A8,1
0276,1
015A,1
0006,1
01F2,1
01F2,1
017C,1
00F0,1